25
10
{166, 167, 233, 17, 180, 122, 188, 30, 127}
{194, 131, 100, 5, 238, 60, 17, 220, 159}
{101, 230, 135, 73, 43, 173, 116, 89, 127}
{131, 99, 69, 170, 140, 112, 185, 157, 30}
{225, 162, 72, 137, 44, 214, 152, 57, 127}
{42, 142, 176, 82, 188, 118, 151, 156, 191}
{193, 2, 132, 75, 44, 118, 24, 26, 92}
{128, 0, 41, 107, 147, 52, 185, 222, 127}
{194, 13, 114, 180, 148, 151, 88, 247, 94}
{0, 34, 236, 206, 80, 244, 117, 27, 94}
{100, 203, 12, 13, 209, 18, 244, 148, 87}
{96, 1, 134, 202, 44, 178, 211, 187, 93}
{96, 99, 104, 137, 207, 80, 177, 84, 188}
{232, 81, 242, 148, 52, 246, 216, 188, 222}
{37, 71, 40, 27, 123, 209, 19, 155}
{228, 72, 27, 18, 243, 217, 91, 220, 29}
{4, 40, 76, 16, 148, 249, 90, 29, 190}
{130, 44, 205, 244, 53, 118, 183, 212, 127}
{227, 8, 173, 237, 143, 49, 82, 246, 63}
{103, 10, 107, 241, 147, 246, 23, 158, 223}
{230, 75, 141, 240, 81, 56, 154, 27, 30}
{233, 202, 75, 139, 23, 90, 91, 29, 63}
{160, 4, 102, 232, 74, 235, 109, 111, 123}
{166, 233, 45, 48, 144, 211, 83, 246, 23}
{67, 122, 203, 174, 208, 241, 58, 27, 189}
{130, 227, 167, 105, 236, 143, 208, 83, 121}
{133, 198, 165, 8, 105, 44, 176, 55, 61}
{193, 196, 78, 112, 83, 244, 119, 191}
{102, 42, 206, 50, 210, 211, 22, 217, 191}
{5, 38, 168, 173, 247, 153, 60, 157, 190}
{73, 44, 108, 140, 81, 245, 183, 184, 89}
{104, 8, 74, 139, 140, 78, 143, 155, 95}
{160, 128, 159, 3, 10, 15, 27, 31}
{0, 162, 4, 9, 142, 111, 209, 190, 127}
{65, 98, 2, 134, 137, 204, 79, 117, 58}
{32, 35, 167, 105, 107, 78, 243, 24, 27}
{37, 102, 233, 73, 237, 206, 50, 147, 115}
{228, 201, 107, 78, 207, 111, 58, 220}
{226, 34, 162, 134, 112, 18, 56, 249, 61}
{67, 8, 49, 243, 117, 54, 214, 58, 127}
{66, 166, 199, 135, 137, 103, 108, 49, 183}
{226, 194, 100, 227, 104, 235, 242, 21, 157}
{1, 36, 6, 111, 242, 53, 149, 221, 190}
{36, 71, 200, 104, 42, 11, 168, 212, 185}
{68, 4, 103, 43, 46, 78, 143, 113, 61}
{101, 70, 42, 16, 53, 22, 218, 222, 223}
{225, 132, 70, 202, 80, 247, 249, 26, 126}
{68, 165, 38, 199, 173, 210, 23, 125}
{99, 39, 73, 235, 239, 111, 145, 246, 187}
{153, 229, 11, 112, 114, 243, 88, 89, 216}
{161, 34, 166, 138, 10, 246, 217, 218, 29}
{197, 133, 111, 240, 241, 50, 24, 189, 223}
{98, 196, 7, 187, 146, 20, 244, 247, 219}
{160, 131, 106, 170, 172, 13, 241, 22, 63}
{133, 102, 205, 179, 243, 23, 215, 219, 124}
{96, 66, 163, 201, 74, 43, 248, 127}
{160, 128, 73, 11, 239, 247, 185, 26, 25}
{68, 134, 39, 110, 145, 114, 149, 182, 54}
{96, 227, 172, 45, 209, 241, 115, 155, 92}
{161, 193, 166, 46, 243, 244, 124}
{201, 141, 238, 176, 179, 52, 214, 150, 92}
{160, 161, 133, 102, 103, 10, 109, 248, 93}
{231, 105, 42, 204, 145, 22, 55, 118, 157}
{97, 39, 8, 111, 240, 149, 53, 189, 31}
{195, 104, 8, 173, 15, 116, 245, 21, 55}
{121, 39, 74, 235, 238, 209, 19, 185, 125}
{2, 228, 165, 167, 109, 176, 182, 217, 91}
{164, 70, 236, 144, 50, 181, 118, 184, 155}
{96, 35, 71, 48, 209, 241, 84, 214, 127}
{228, 136, 234, 107, 140, 170, 205, 242, 53}
{225, 227, 35, 9, 138, 245, 248, 60, 190}
{98, 6, 110, 143, 242, 211, 53, 217, 122}
{32, 41, 170, 202, 242, 84, 153, 126}
{70, 200, 73, 241, 17, 210, 22, 94, 223}
{248, 164, 37, 165, 233, 207, 216, 25, 187}
{32, 33, 36, 104, 204, 141, 210, 57, 31}
{64, 130, 196, 169, 75, 76, 172, 82, 83}
{163, 133, 6, 142, 50, 181, 54, 58, 62}
{160, 1, 226, 70, 72, 108, 49, 85, 61}
{1, 40, 171, 242, 181, 182, 58, 30, 127}
{193, 106, 107, 171, 178, 148, 84, 124, 190}
{134, 72, 74, 76, 109, 16, 180, 84, 93}
{37, 231, 238, 15, 110, 150, 23, 186, 91}
{128, 230, 72, 74, 110, 243, 21, 184, 59}
{197, 233, 170, 11, 81, 243, 116, 244, 153}
{102, 71, 39, 12, 245, 247, 88, 153, 155}
{33, 69, 219, 16, 246, 25, 187, 125, 190}
{234, 204, 175, 82, 50, 181, 118, 87, 188}
{248, 167, 237, 109, 49, 147, 24, 60, 216}
{161, 69, 165, 169, 145, 212, 57, 62, 191}
{162, 3, 199, 44, 18, 116, 150, 88, 186}
{101, 102, 5, 77, 78, 17, 148, 248, 121}
{33, 34, 7, 41, 111, 24, 122, 95, 159}
{34, 70, 134, 237, 112, 55, 247, 56, 29}
{97, 2, 132, 7, 245, 150, 190, 222, 159}
{66, 100, 237, 46, 48, 113, 154, 156, 29}
{224, 135, 71, 112, 150, 248, 186, 187, 220}
{1, 40, 202, 138, 112, 242, 18, 55, 61}
{128, 74, 46, 146, 178, 85, 54, 61}
{36, 104, 136, 170, 11, 177, 22, 127}
{8, 10, 202, 142, 185, 58, 31, 126, 95}
{160, 98, 35, 103, 40, 15, 178, 155, 221}
{128, 35, 227, 197, 230, 103, 87, 123, 93}
{101, 41, 11, 75, 109, 116, 24, 153, 123}
{67, 37, 102, 78, 16, 83, 91, 61}
{129, 2, 230, 75, 11, 12, 181, 124, 30}
{191, 227, 134, 205, 212, 118, 249, 63}
{160, 43, 187, 181, 249, 91, 189, 126, 63}
{161, 36, 68, 39, 236, 17, 114, 241, 214}
{162, 5, 107, 140, 112, 181, 86, 215, 153}
{97, 5, 230, 46, 238, 143, 124, 125, 190}
{66, 164, 39, 71, 209, 82, 24, 25, 158}
{194, 101, 135, 141, 205, 47, 177, 241, 217}
{196, 135, 39, 74, 110, 145, 210, 221, 95}
{128, 232, 76, 210, 146, 149, 120, 63, 31}
{97, 34, 163, 105, 240, 84, 56, 220, 221}
{2, 195, 68, 208, 54, 55, 217, 215, 63}
{162, 36, 201, 42, 41, 46, 47, 18, 115}
{98, 171, 109, 18, 85, 120, 154, 189}
{66, 132, 231, 201, 12, 208, 211, 149}
{129, 36, 197, 73, 141, 16, 212, 246, 89}
{100, 231, 232, 241, 29, 179, 148, 189, 159}
{224, 1, 97, 42, 139, 143, 216, 186, 188}
{64, 203, 172, 18, 83, 149, 213, 23, 29}
{225, 65, 163, 37, 76, 176, 88, 156, 30}
{98, 164, 102, 207, 16, 184, 58, 61}
{162, 6, 202, 238, 240, 177, 183, 88, 184}
{192, 164, 132, 38, 105, 236, 209, 241, 183}
{134, 71, 106, 108, 111, 112, 175, 51, 28}
{128, 229, 137, 14, 49, 209, 153, 26, 220}
{100, 5, 198, 232, 46, 15, 242, 182, 28}
{225, 196, 228, 134, 235, 146, 83, 153, 26}
{227, 39, 9, 14, 148, 92, 95, 63}
{72, 10, 12, 173, 144, 83, 56, 187, 158}
{163, 231, 9, 138, 139, 234, 82, 213, 156}
{1, 193, 3, 242, 181, 150, 86, 153, 127}
{96, 171, 206, 111, 212, 116, 22, 248, 61}
{96, 35, 133, 8, 79, 146, 211, 93, 63}
{224, 36, 73, 9, 107, 145, 117, 215, 189}
{130, 200, 138, 140, 77, 48, 178, 50, 213}
{193, 99, 131, 38, 233, 83, 215, 29}
{224, 227, 132, 6, 71, 232, 105, 152, 190}
{226, 68, 232, 42, 174, 219, 179, 56, 91}
{163, 68, 227, 141, 84, 30, 25, 220, 126}
{161, 9, 201, 107, 204, 80, 50, 84, 187}
{96, 195, 8, 10, 74, 44, 235, 77, 241}
{194, 132, 38, 102, 43, 48, 19, 213, 31}
{129, 67, 68, 38, 40, 179, 53, 54, 22}
{199, 8, 232, 10, 11, 206, 17, 52, 155}
{4, 42, 74, 77, 146, 83, 85, 152, 191}
{102, 39, 200, 204, 77, 51, 219, 191}
{195, 100, 69, 109, 112, 177, 182, 219, 95}
{129, 162, 68, 134, 170, 107, 205, 84, 218}
{100, 101, 170, 75, 236, 49, 211}
{195, 228, 134, 167, 218, 174, 148, 180, 186}
{6, 167, 40, 143, 146, 179, 246, 219, 95}
{0, 99, 142, 143, 208, 46, 175, 183, 60}
{226, 34, 233, 143, 243, 244, 150, 189}
{0, 227, 67, 168, 16, 147, 157, 122, 125}
{167, 103, 135, 170, 77, 141, 213, 188, 222}
{193, 166, 137, 116, 216, 26, 187, 188}
{225, 66, 99, 100, 133, 142, 184, 24, 94}
{224, 227, 37, 41, 209, 241, 22, 94}
{193, 38, 230, 9, 172, 116, 244, 184, 127}
{192, 68, 233, 47, 208, 181, 87, 153, 93}
{101, 38, 165, 234, 172, 148, 154, 187, 188}
{66, 194, 229, 200, 109, 46, 245, 25, 221}
{162, 194, 99, 39, 73, 45, 141, 243, 188}
{224, 196, 58, 10, 82, 150, 152, 154, 28}
{37, 201, 41, 171, 80, 57, 154, 125, 126}
{129, 34, 134, 169, 79, 208, 19, 156}
{225, 193, 233, 46, 243, 183, 88, 122, 190}
{192, 32, 199, 236, 45, 154, 60, 223}
{226, 227, 167, 71, 169, 202, 78, 149, 152}
{69, 39, 106, 236, 141, 50, 59, 61, 191}
{99, 68, 233, 206, 178, 51, 149, 22, 91}
{193, 231, 169, 201, 73, 236, 77, 79, 185}
{96, 161, 40, 45, 110, 81, 179, 212, 158}
{224, 225, 73, 12, 237, 77, 109, 209, 215}
{225, 33, 196, 12, 13, 20, 23, 183, 58}
{224, 223, 5, 230, 7, 76, 53, 246, 127}
{131, 205, 209, 222, 179, 122, 61, 62, 223}
{64, 194, 164, 230, 11, 175, 86, 125, 126}
{195, 73, 74, 178, 147, 181, 246, 218}
{105, 173, 79, 83, 118, 214, 154, 93, 222}
{228, 72, 139, 45, 145, 177, 20, 148, 61}
{248, 128, 97, 11, 108, 16, 17, 216, 125}
{130, 67, 36, 42, 235, 49, 211, 151, 154}
{194, 196, 164, 167, 149, 246, 122, 190, 191}
{97, 66, 100, 46, 239, 244, 123, 124, 31}
{193, 70, 136, 110, 239, 177, 52, 88, 190}
{64, 33, 194, 58, 69, 137, 75, 54, 90}
{160, 98, 34, 165, 69, 73, 50, 214, 217}
{97, 43, 139, 206, 47, 180, 22, 184, 62}
{230, 9, 219, 81, 179, 213, 214, 183, 187}
{96, 196, 42, 74, 108, 112, 51, 62, 127}
{33, 234, 109, 176, 81, 178, 83, 124, 158}
{199, 204, 238, 83, 180, 23, 22, 215, 188}
{32, 7, 176, 208, 83, 58, 123, 125}
{101, 167, 104, 9, 172, 175, 243, 151, 221}
{97, 34, 225, 66, 163, 124, 60, 190, 31}
{227, 197, 5, 109, 238, 20, 244, 150, 123}
{97, 66, 69, 238, 23, 121, 58, 94, 95}
{229, 218, 207, 80, 87, 120, 249, 58, 123}
{66, 227, 73, 205, 82, 20, 94, 190}
{163, 167, 174, 14, 179, 211, 212, 56, 62}
{129, 226, 163, 228, 234, 171, 44, 206, 95}
{129, 36, 104, 73, 105, 204, 19, 154, 95}
{224, 133, 104, 112, 210, 212, 85, 189, 61}
{225, 34, 99, 35, 37, 194, 104, 177, 89}
{192, 165, 6, 167, 169, 46, 111, 78, 95}
{225, 194, 138, 141, 112, 144, 21, 247, 124}
{165, 71, 72, 108, 48, 145, 212, 55, 30}
{68, 170, 107, 237, 114, 147, 246, 249}
{96, 34, 66, 39, 104, 169, 110, 238, 25}
{169, 13, 175, 180, 247, 152, 122, 219, 62}
{160, 96, 5, 101, 136, 19, 21, 151, 26}
{192, 1, 249, 232, 15, 80, 113, 185, 219}
{132, 39, 14, 113, 243, 20, 154, 158, 126}
{161, 203, 13, 238, 145, 244, 120, 123, 220}
{224, 65, 34, 195, 109, 116, 212, 55, 90}
{224, 67, 134, 71, 206, 112, 21, 248, 157}
{235, 75, 173, 149, 150, 55, 248, 89, 31}
{39, 232, 12, 110, 207, 209, 246, 221, 95}
{89, 97, 38, 202, 45, 13, 81, 119, 57}
{103, 79, 146, 179, 115, 53, 152, 124, 93}
{226, 199, 173, 143, 111, 19, 116, 155}
{99, 70, 45, 240, 82, 21, 214, 120, 190}
{162, 196, 5, 229, 4, 92, 47, 186, 220}
{1, 195, 102, 200, 75, 176, 52, 86, 221}
{226, 227, 71, 237, 241, 50, 25, 218, 220}
{68, 7, 108, 45, 46, 116, 245, 56, 153}
{175, 207, 79, 48, 15, 52, 185, 187, 223}
{132, 6, 167, 136, 172, 113, 20, 53, 93}
{230, 8, 202, 142, 49, 55, 120, 30}
{192, 135, 103, 233, 141, 54, 120, 125, 62}
{153, 68, 5, 107, 180, 117, 23, 25, 61}
{128, 33, 139, 20, 53, 120, 185, 155, 220}
{0, 226, 233, 74, 179, 212, 116, 149, 63}
{34, 131, 226, 201, 107, 144, 113, 152}
{162, 100, 199, 232, 106, 238, 214, 57}
{35, 70, 40, 171, 239, 189, 56, 90, 152}
{37, 201, 202, 173, 84, 213, 182, 150, 60}
{64, 129, 163, 235, 14, 80, 247, 28, 222}
{121, 99, 217, 13, 174, 50, 23, 88, 89}
{100, 201, 138, 172, 78, 180, 121, 187, 62}
{32, 228, 72, 104, 200, 236, 148, 29, 127}
{8, 171, 110, 113, 49, 151, 24, 127}
{97, 226, 129, 67, 165, 168, 137, 43, 114}
{161, 98, 41, 172, 45, 207, 219, 157, 94}
{2, 133, 198, 210, 147, 88, 155, 124, 126}
{192, 33, 8, 140, 52, 181, 150, 188, 222}
{129, 204, 108, 77, 76, 205, 87, 222}
{65, 153, 69, 197, 171, 205, 240, 181, 25}
{98, 4, 196, 38, 7, 74, 42, 185, 90}
{0, 135, 75, 172, 189, 120, 59, 29}
{224, 99, 4, 43, 60, 212, 158, 28, 190}
{225, 129, 199, 40, 235, 110, 17, 177, 151}
{132, 164, 136, 169, 203, 150, 121, 28, 63}
{194, 195, 133, 202, 42, 234, 139, 175, 31}
{26, 198, 231, 107, 108, 177, 25, 154, 61}
{129, 162, 194, 66, 5, 4, 104, 111, 86}
{192, 13, 174, 111, 241, 84, 248, 124, 222}
{132, 37, 38, 167, 8, 168, 18, 214, 90}
{89, 168, 41, 110, 14, 146, 56, 121, 218}
{128, 160, 225, 35, 8, 172, 206, 177, 115}
{199, 43, 109, 14, 176, 18, 86, 152, 126}
{64, 68, 38, 70, 79, 48, 87, 23, 157}
{128, 162, 132, 13, 207, 48, 243, 118, 215}
{132, 167, 232, 8, 110, 111, 16, 56, 95}
{130, 101, 102, 10, 138, 149, 154, 60, 95}
{71, 42, 106, 45, 83, 23, 215, 218, 91}
{160, 164, 166, 71, 39, 38, 135, 119, 92}
{68, 104, 140, 76, 45, 208, 84, 183, 31}
{193, 132, 136, 106, 12, 172, 15, 18, 58}
{32, 233, 42, 235, 105, 147, 127, 158, 63}
{98, 163, 194, 69, 100, 103, 8, 17, 57}
{1, 7, 171, 172, 50, 183, 184, 123, 190}
{165, 198, 7, 230, 137, 77, 79, 84, 158}
{64, 194, 134, 142, 48, 242, 214, 185, 60}
{168, 144, 177, 114, 212, 185, 29, 94, 63}
{129, 66, 99, 100, 40, 18, 146, 87, 60}
{130, 195, 226, 73, 106, 170, 117, 184, 95}
{193, 66, 34, 7, 88, 53, 54, 24, 219}
{65, 227, 133, 233, 106, 141, 188, 52, 124}
{104, 169, 10, 232, 14, 79, 81, 30, 159}
{1, 130, 100, 166, 10, 150, 24, 249, 30}
{33, 35, 195, 36, 102, 103, 112, 52, 122}
{197, 198, 166, 106, 108, 207, 145, 248}
{1, 71, 201, 236, 206, 146, 84, 91, 61}
{1, 233, 237, 111, 208, 239, 143, 115, 84}
{67, 41, 234, 43, 110, 111, 241, 245, 188}
{98, 5, 172, 143, 80, 207, 211, 216, 90}
{64, 65, 197, 41, 49, 119, 221, 94}
{226, 101, 37, 39, 105, 112, 81, 117}
{0, 130, 3, 66, 108, 45, 95, 127}
{98, 239, 116, 52, 20, 120, 24, 26, 159}
{65, 162, 195, 40, 140, 172, 213, 214, 88}
{159, 231, 136, 105, 42, 210, 114, 220, 31}
{192, 163, 228, 100, 237, 246, 89, 125, 25}
{3, 8, 205, 48, 16, 115, 51, 245, 61}
{227, 236, 237, 142, 19, 116, 190, 62}
{32, 34, 7, 41, 208, 146, 245, 59, 31}
{129, 167, 232, 139, 206, 208, 241, 248, 223}
{32, 161, 163, 35, 73, 41, 118, 55, 58}
{37, 13, 49, 50, 244, 215, 60, 222, 159}
{0, 6, 14, 145, 82, 18, 211, 118, 223}
{224, 195, 40, 41, 73, 232, 236, 176, 120}
{66, 133, 71, 177, 114, 182, 151, 155, 189}
{128, 2, 99, 198, 105, 15, 48, 18, 218}
{128, 135, 73, 235, 45, 177, 84, 182, 189}
{193, 195, 99, 73, 170, 153, 123, 60, 189}
{224, 107, 235, 108, 175, 208, 213, 184, 89}
{96, 26, 165, 104, 52, 213, 57, 122, 219}
{32, 229, 8, 14, 175, 144, 179, 153}
{227, 165, 8, 72, 11, 235, 215, 185, 220}
{128, 98, 204, 178, 244, 218, 222, 62}
{1, 226, 238, 177, 188, 150, 184, 56, 28}
{97, 172, 45, 210, 117, 245, 248, 26, 91}
{224, 64, 69, 232, 106, 204, 48, 120}
{33, 197, 134, 39, 204, 45, 238, 110, 61}
{64, 161, 162, 134, 8, 209, 151, 122}
{132, 136, 13, 21, 55, 119, 245, 57, 122}
{134, 171, 108, 17, 19, 54, 90, 123, 191}
{164, 101, 8, 186, 234, 240, 54, 154, 189}
{165, 38, 45, 239, 80, 179, 180, 149, 156}
{41, 80, 213, 216, 217, 218, 28, 157, 24}
{163, 5, 200, 59, 91, 176, 152, 217, 123}
{66, 194, 234, 208, 81, 48, 149, 151, 249}
{32, 64, 161, 195, 38, 169, 11, 205, 118}
{238, 111, 81, 114, 53, 22, 184, 219, 94}
{129, 230, 71, 52, 21, 116, 89, 156, 190}
{33, 225, 196, 206, 80, 18, 90, 27, 127}
{68, 134, 42, 45, 206, 15, 113, 84, 125}
{195, 4, 232, 202, 120, 113, 184, 156, 191}
{224, 198, 135, 167, 142, 46, 82, 57, 27}
{228, 101, 102, 69, 105, 17, 19, 22, 246}
{59, 75, 76, 111, 15, 113, 51, 123, 125}
{226, 99, 134, 8, 116, 120, 57, 189, 94}
{2, 3, 100, 249, 176, 49, 118, 89, 27}
{196, 41, 42, 75, 85, 123, 157, 30, 127}
{225, 99, 123, 109, 213, 27, 221, 94, 95}
{224, 113, 209, 116, 117, 85, 59, 188}
{160, 65, 163, 9, 202, 204, 16, 211, 29}
{6, 142, 46, 146, 121, 155, 159}
{185, 167, 7, 202, 237, 215, 121, 218, 124}
{96, 161, 6, 174, 113, 82, 86, 57, 95}
{138, 12, 176, 177, 210, 145, 86, 215, 56}
{98, 227, 203, 140, 208, 210, 211, 59, 63}
{3, 6, 137, 105, 109, 80, 24, 189, 30}
{132, 229, 233, 42, 106, 201, 85, 247, 220}
{101, 8, 74, 203, 44, 173, 180, 92, 30}
{161, 35, 171, 144, 18, 115, 215, 88, 156}
{166, 38, 231, 204, 46, 78, 112, 122, 125}
{32, 71, 200, 236, 77, 148, 52, 59}
{128, 1, 160, 35, 196, 136, 44, 116, 181}
{96, 225, 7, 11, 109, 238, 16, 49, 187}
{0, 136, 123, 238, 247, 57, 154, 187, 62}
{71, 233, 201, 143, 144, 179, 22, 28, 94}
{160, 34, 70, 38, 83, 88, 57, 189}
{98, 67, 204, 112, 16, 148, 84, 89, 188}
{130, 2, 132, 140, 109, 205, 179, 180, 182}
{194, 100, 101, 228, 77, 174, 145, 242, 52}
{96, 231, 232, 78, 219, 152, 123, 124, 157}
{193, 162, 67, 35, 137, 177, 18, 23, 121}
{196, 71, 240, 81, 245, 118, 58, 221, 94}
{35, 101, 102, 74, 203, 170, 118, 56, 191}
{163, 154, 10, 75, 139, 45, 87, 121, 218}
{0, 97, 5, 198, 107, 174, 142, 22, 23}
{129, 163, 100, 101, 140, 108, 46, 145, 182}
{64, 167, 142, 47, 176, 212, 213, 150, 182}
{99, 100, 69, 166, 45, 152, 153, 59}
{192, 195, 231, 105, 140, 144, 84, 52, 31}
{133, 167, 234, 205, 214, 119, 185, 218, 127}
{37, 43, 203, 112, 114, 119, 94, 123, 222}
{34, 38, 141, 48, 242, 146, 20, 150, 155}
{36, 74, 171, 76, 48, 245, 149, 188, 190}
{1, 194, 66, 65, 199, 77, 79, 121, 159}
{193, 194, 131, 228, 103, 171, 174, 186, 188}
{34, 226, 17, 241, 115, 218, 91, 158}
{192, 133, 201, 10, 41, 236, 15, 180, 183}
{65, 99, 101, 134, 232, 238, 18, 124, 31}
{4, 166, 41, 235, 205, 110, 143, 19, 180}
{226, 36, 133, 103, 135, 209, 114, 212, 61}
{0, 66, 122, 154, 112, 211, 153, 186, 222}
{96, 165, 103, 201, 75, 113, 52, 148, 125}
{129, 33, 34, 134, 166, 187, 190}
{160, 161, 163, 231, 74, 11, 179, 212, 221}
{161, 8, 44, 111, 240, 215, 248, 58, 95}
{0, 161, 105, 76, 49, 20, 85, 184, 216}
{65, 98, 104, 168, 43, 76, 117, 247, 249}
{1, 38, 137, 76, 109, 205, 110, 147, 187}
{168, 204, 205, 21, 248, 154, 59, 94, 216}
{32, 0, 70, 82, 86, 57, 59, 60, 157}
{3, 196, 138, 207, 146, 20, 86, 216, 153}
{64, 35, 4, 231, 139, 81, 19, 180, 249}
{195, 100, 177, 19, 179, 21, 30, 126, 190}
{2, 165, 75, 44, 13, 240, 114, 126}
{166, 103, 104, 142, 80, 178, 243, 24, 125}
{69, 230, 16, 208, 145, 179, 88, 122, 156}
{163, 105, 139, 12, 79, 49, 187, 188, 62}
{160, 70, 155, 240, 146, 25, 154, 219}
{37, 168, 140, 142, 209, 52, 88, 91, 63}
{67, 37, 133, 171, 172, 146, 19, 85, 24}
{195, 131, 102, 235, 15, 209, 19, 212, 126}
{160, 164, 229, 44, 236, 50, 115, 62, 63}
{228, 230, 199, 45, 206, 211, 212, 25, 126}
{32, 161, 129, 168, 42, 139, 208, 180, 182}
{160, 226, 35, 228, 197, 237, 18, 58, 60}
{96, 103, 109, 78, 245, 24, 187, 92, 62}
{1, 2, 197, 8, 72, 40, 51, 249, 124}
{130, 170, 74, 204, 236, 241, 120, 125, 31}
{98, 201, 47, 146, 115, 148, 118, 216, 222}
{226, 8, 140, 174, 80, 208, 59, 60, 125}
{35, 69, 108, 15, 207, 49, 150, 26}
{35, 47, 17, 246, 120, 25, 186, 152}
{101, 230, 7, 43, 20, 22, 215, 88, 31}
{36, 101, 199, 80, 145, 113, 183, 90}
{197, 40, 8, 51, 53, 23, 88, 159}
{194, 199, 110, 178, 115, 180, 212, 183, 61}
{131, 36, 249, 205, 210, 148, 57, 218, 61}
{36, 198, 53, 149, 88, 90, 220, 189, 30}
{65, 226, 132, 71, 11, 236, 145, 117, 24}
{132, 169, 41, 139, 114, 51, 55, 93, 31}
{65, 33, 6, 9, 170, 105, 83, 53, 219}
{193, 99, 6, 230, 169, 203, 76, 82}
{129, 229, 11, 203, 173, 113, 242, 116, 245}
{8, 169, 107, 110, 115, 157, 88, 123, 221}
{136, 172, 204, 174, 242, 149, 217, 58, 126}
{36, 169, 10, 42, 170, 212, 54, 88, 93}
{64, 66, 69, 8, 10, 206, 177, 183, 185}
{129, 98, 3, 78, 79, 48, 206, 184, 28}
{161, 70, 137, 210, 20, 21, 90, 28, 31}
{0, 130, 226, 165, 6, 143, 144, 49}
{9, 142, 206, 16, 81, 182, 94, 26, 126}
{2, 37, 133, 205, 80, 18, 115, 245, 184}
{99, 102, 104, 75, 46, 210, 147, 245, 31}
{161, 68, 4, 168, 74, 45, 209, 146, 122}
{6, 202, 75, 109, 114, 146, 218, 187}
{166, 7, 91, 206, 177, 119, 219, 222, 159}
{5, 199, 73, 240, 209, 114, 145, 221, 157}
{98, 8, 236, 17, 82, 88, 61, 31}
{224, 163, 230, 141, 205, 241, 50, 54, 118}
{192, 130, 165, 8, 42, 10, 143, 115, 158}
{64, 97, 196, 166, 105, 9, 204, 115, 125}
{102, 40, 232, 137, 11, 200, 150, 219, 127}
{0, 37, 69, 13, 21, 87, 58, 189, 63}
{197, 135, 72, 11, 144, 18, 181, 88, 187}
{1, 38, 236, 142, 47, 115, 152, 90, 124}
{0, 96, 71, 232, 41, 143, 241, 213, 185}
{192, 1, 194, 140, 77, 237, 239, 142, 155}
{0, 228, 200, 148, 53, 213, 152, 25, 191}
{128, 8, 208, 112, 215, 218, 60, 29}
{98, 35, 163, 38, 234, 43, 16, 157, 127}
{1, 231, 200, 203, 13, 119, 120, 157, 63}
{38, 6, 104, 46, 243, 116, 57, 28, 31}
{168, 44, 108, 15, 17, 243, 122, 91, 93}
{64, 1, 234, 75, 209, 82, 242, 57, 62}
{65, 238, 239, 208, 81, 23, 56, 121, 93}
{195, 39, 236, 44, 206, 237, 173, 205, 94}
{130, 99, 232, 209, 84, 180, 54, 248, 157}
{199, 201, 204, 173, 240, 22, 150, 217, 186}
{33, 102, 104, 42, 236, 45, 53, 124, 222}
{7, 200, 44, 141, 145, 180, 119, 120, 26}
{1, 227, 110, 143, 247, 56, 24, 62, 216}
{32, 196, 9, 108, 14, 83, 147, 150, 63}
{0, 130, 133, 103, 42, 46, 212, 150, 215}
{161, 228, 234, 76, 114, 84, 220, 126, 127}
{228, 105, 170, 106, 83, 213, 55, 191}
{35, 165, 105, 233, 169, 144, 18, 151, 92}
{192, 89, 171, 173, 14, 182, 22, 25, 57}
{227, 7, 8, 71, 46, 53, 218, 94, 191}
{6, 138, 206, 82, 147, 184, 90, 124, 126}
{0, 225, 66, 175, 176, 178, 247, 125, 31}
{35, 69, 107, 208, 89, 155, 220, 189, 126}
{68, 169, 237, 179, 84, 149, 57, 93, 191}
{9, 138, 173, 148, 54, 214, 220, 93, 159}
{135, 7, 77, 143, 176, 80, 179, 118, 61}
{41, 174, 176, 53, 23, 121, 61, 190, 127}
{66, 71, 45, 145, 146, 211, 182, 119, 216}
{130, 197, 37, 104, 72, 45, 149, 30, 31}
{200, 77, 45, 238, 48, 18, 53, 214, 189}
{193, 129, 140, 177, 116, 119, 88, 56, 156}
{33, 197, 104, 112, 149, 152, 90, 125}
{130, 5, 8, 176, 181, 21, 56, 124, 127}
{166, 136, 77, 111, 241, 178, 116, 245, 54}
{193, 99, 132, 133, 173, 117, 119, 153, 31}
{33, 249, 134, 168, 115, 116, 53, 217, 57}
{161, 163, 204, 13, 238, 20, 117, 246}
{229, 42, 12, 48, 112, 86, 246, 93, 127}
{195, 3, 6, 106, 204, 88, 25, 123, 28}
{224, 67, 167, 136, 235, 77, 174, 223}
{32, 68, 75, 237, 86, 22, 120, 25, 30}
{160, 236, 47, 48, 209, 208, 211, 212, 94}
{34, 70, 109, 174, 237, 117, 214, 55, 190}
{32, 101, 9, 106, 73, 44, 140, 43, 191}
{32, 226, 71, 233, 140, 23, 120, 25, 186}
{224, 65, 89, 193, 113, 245, 185, 25, 223}
{129, 71, 72, 39, 11, 16, 243, 248, 158}
{71, 201, 204, 238, 47, 143, 241, 117, 62}
{0, 164, 69, 202, 109, 78, 243, 214, 25}
{64, 164, 165, 136, 138, 120, 219, 60, 31}
{32, 130, 164, 201, 11, 119, 153, 124, 30}
{10, 142, 47, 239, 177, 144, 83, 180, 55}
{192, 36, 72, 10, 155, 175, 57, 59, 29}
{98, 40, 239, 145, 242, 178, 19, 148, 55}
{99, 43, 205, 46, 15, 49, 18, 147, 154}
{64, 166, 46, 175, 19, 181, 214, 22, 122}
{192, 59, 171, 179, 213, 246, 26, 91, 126}
{198, 166, 8, 234, 107, 235, 76, 111, 115}
{37, 7, 231, 48, 113, 180, 57, 157, 62}
{223, 102, 238, 15, 84, 85, 150, 218, 159}
{98, 73, 112, 177, 146, 81, 212, 149, 117}
{96, 227, 228, 135, 168, 138, 204, 145, 31}
{224, 194, 140, 79, 240, 209, 87, 152, 155}
{69, 141, 15, 113, 53, 152, 185, 218, 91}
{34, 72, 232, 12, 237, 238, 208, 50, 248}
{128, 226, 163, 195, 4, 237, 17, 26, 190}
{160, 138, 239, 17, 53, 217, 91, 28}
{228, 43, 139, 177, 209, 17, 150, 215, 89}
{233, 12, 16, 148, 244, 214, 53, 185, 122}
{1, 197, 232, 108, 144, 182, 90, 62, 127}
{121, 226, 206, 180, 53, 54, 249, 218}
{96, 161, 41, 205, 47, 50, 116, 125, 159}
{32, 226, 102, 203, 144, 113, 210, 146, 55}
{98, 27, 169, 138, 207, 113, 179, 214, 91}
{225, 3, 163, 67, 145, 245, 149, 188, 62}
{65, 66, 36, 108, 13, 14, 240, 85, 30}
{227, 200, 206, 176, 145, 179, 150, 190, 31}
{38, 198, 41, 138, 44, 141, 124, 63, 31}
{131, 196, 67, 200, 169, 14, 148, 53, 159}
{68, 37, 8, 137, 108, 76, 146, 18}
{162, 100, 166, 169, 137, 179, 88, 157, 158}
{129, 2, 67, 5, 203, 14, 114, 242, 123}
{227, 6, 204, 141, 206, 83, 180, 58}
{225, 130, 104, 9, 45, 79, 178, 56, 190}
{192, 98, 163, 140, 44, 213, 118, 182, 31}
{1, 164, 6, 43, 144, 177, 87, 223}
{160, 2, 40, 208, 209, 20, 28, 126}
{174, 238, 16, 114, 52, 246, 87, 125, 158}
{164, 7, 169, 76, 243, 183, 58, 188, 31}
{99, 36, 9, 106, 141, 212, 151, 153, 61}
{193, 78, 111, 144, 147, 20, 122, 92}
{224, 65, 196, 101, 105, 11, 141, 119, 59}
{66, 135, 91, 42, 174, 21, 56, 59, 124}
{198, 231, 78, 113, 213, 119, 183, 93}
{163, 5, 136, 40, 171, 236, 206, 119, 189}
{34, 140, 237, 60, 177, 83, 243, 57, 124}
{197, 71, 168, 103, 170, 10, 248, 152, 222}
{230, 170, 74, 80, 20, 118, 57, 30}
{228, 41, 10, 77, 52, 85, 213, 28, 62}
{65, 229, 7, 11, 144, 216, 57, 24, 63}
{66, 234, 203, 176, 82, 148, 118, 185, 91}
{0, 167, 200, 203, 43, 181, 87, 56, 218}
{193, 161, 228, 196, 200, 138, 76, 180, 151}
{2, 200, 74, 138, 204, 78, 242, 120, 94}
{224, 167, 8, 111, 80, 20, 184, 58, 92}
{131, 104, 170, 109, 112, 85, 86, 217, 223}
{70, 42, 204, 47, 82, 147, 52, 246, 222}
{2, 133, 249, 137, 109, 19, 179, 153, 30}
{43, 174, 175, 176, 18, 243, 216, 218, 60}
{160, 194, 131, 230, 200, 139, 115, 184, 221}
{228, 73, 106, 74, 108, 233, 145, 244, 216}
{130, 163, 101, 200, 74, 138, 12, 62, 126}
{227, 140, 174, 15, 177, 212, 25, 123, 30}
{160, 36, 173, 110, 208, 176, 212, 244, 151}
{97, 39, 232, 235, 206, 78, 178, 214, 153}
{34, 4, 229, 135, 108, 178, 181, 216}
{71, 106, 47, 145, 84, 181, 152, 220, 189}
{3, 196, 230, 40, 201, 11, 241, 220}
{42, 140, 45, 85, 87, 215, 248, 182, 61}
{96, 167, 110, 143, 16, 53, 88, 159}
{36, 166, 135, 174, 17, 148, 117, 150, 91}
{197, 249, 108, 46, 143, 52, 121, 27}
{132, 109, 173, 111, 179, 212, 244, 117, 61}
{4, 70, 232, 172, 114, 53, 25, 63}
{194, 37, 109, 206, 173, 210, 147, 249, 221}
{162, 229, 198, 41, 43, 77, 209, 216}
{32, 72, 106, 107, 77, 208, 147, 214, 188}
{197, 201, 169, 106, 173, 242, 52, 247, 92}
{3, 100, 239, 79, 92, 19, 181, 188, 31}
{226, 164, 71, 39, 171, 111, 80, 112, 55}
{66, 228, 132, 43, 108, 240, 212, 218, 63}
{13, 45, 48, 115, 21, 120, 154, 94}
{64, 10, 48, 114, 50, 149, 154, 92, 62}
{3, 132, 73, 10, 15, 177, 241, 19, 184}
{225, 135, 104, 169, 12, 237, 110, 220, 31}
{225, 6, 198, 201, 112, 148, 20, 153, 187}
{3, 198, 201, 43, 12, 174, 85, 117, 126}
{165, 71, 237, 79, 144, 178, 213, 92}
{130, 41, 235, 84, 54, 246, 216, 249, 190}
{160, 96, 230, 75, 241, 148, 53, 119, 216}
{33, 3, 68, 69, 134, 240, 246, 190, 127}
{98, 162, 165, 102, 200, 111, 242, 30}
{128, 224, 100, 197, 137, 10, 147, 212, 249}
{160, 1, 196, 169, 234, 73, 240, 247, 94}
{161, 99, 40, 9, 205, 113, 17, 83, 188}
{193, 68, 71, 135, 179, 245, 151, 61}
{248, 225, 130, 49, 23, 247, 56, 188, 157}
{34, 68, 69, 72, 12, 47, 24, 88, 216}
{224, 164, 37, 102, 110, 180, 218, 28, 63}
{228, 201, 75, 11, 206, 17, 20, 189, 157}
{34, 195, 166, 103, 141, 81, 212, 53, 181}
{131, 38, 139, 108, 237, 112, 178, 148}
{104, 234, 13, 50, 148, 54, 25, 122, 190}
{162, 198, 18, 52, 53, 214, 181, 93}
{133, 38, 230, 134, 45, 78, 151, 156, 191}
{225, 227, 167, 74, 171, 43, 75, 150, 57}
{64, 4, 136, 170, 235, 76, 237, 149, 219}
{106, 138, 13, 206, 15, 176, 21, 26, 27}
{34, 132, 101, 196, 205, 143, 17, 121, 123}
{192, 228, 39, 167, 75, 180, 154, 155, 92}
{226, 66, 196, 134, 187, 242, 147, 248, 91}
{228, 196, 70, 229, 137, 75, 43, 140, 220}
{135, 231, 110, 240, 52, 22, 88, 219, 124}
{153, 2, 166, 136, 112, 80, 179, 217, 222}
{192, 75, 238, 208, 87, 217, 186, 28, 30}
{108, 240, 61, 23, 181, 189, 27, 93}
{98, 7, 39, 235, 141, 116, 212, 25, 218}
{233, 139, 49, 188, 84, 181, 59, 190, 158}
{79, 17, 19, 148, 85, 88, 58, 188, 31}
{192, 130, 98, 9, 13, 209, 18, 24, 122}
{224, 68, 100, 5, 175, 177, 85, 217, 154}
{192, 65, 42, 237, 48, 179, 25, 218, 30}
{64, 3, 232, 171, 78, 50, 179, 244, 94}
{200, 73, 74, 75, 42, 79, 84, 20}
{192, 1, 100, 38, 166, 112, 247, 121, 29}
{217, 249, 218, 219, 143, 88, 153, 154, 91}
{131, 3, 59, 219, 49, 18, 184, 57, 91}
{229, 9, 142, 111, 241, 113, 61, 87, 125}
{227, 164, 199, 75, 214, 57, 187, 60, 94}
{225, 1, 101, 236, 77, 49, 185, 155, 126}
{101, 6, 42, 138, 45, 148, 151, 90, 221}
{2, 132, 232, 171, 45, 49, 85, 215, 58}
{97, 49, 18, 147, 152, 249, 59, 125, 190}
{65, 14, 119, 182, 151, 24, 217, 221}
{74, 239, 16, 49, 113, 93, 249, 188, 125}
{224, 1, 68, 202, 107, 207, 113, 242, 145}
{100, 165, 6, 198, 76, 12, 210, 83, 242}
{132, 197, 230, 199, 77, 243, 84, 246, 188}
{162, 233, 235, 13, 45, 149, 216, 155, 30}
{69, 71, 81, 209, 181, 151, 58, 223}
{101, 42, 140, 113, 146, 179, 17, 217, 29}
{65, 3, 133, 104, 140, 184, 185, 122, 123}
{98, 229, 44, 12, 111, 210, 179, 50, 185}
{228, 235, 171, 77, 43, 243, 147, 158, 127}
{96, 5, 72, 241, 245, 118, 185, 90, 158}
{195, 5, 230, 7, 143, 79, 53, 219, 223}
{163, 100, 229, 144, 49, 115, 249, 218, 190}
{131, 167, 200, 207, 16, 82, 243, 179, 217}
{192, 68, 202, 77, 219, 15, 143, 187, 92}
{225, 162, 65, 165, 70, 166, 203, 18, 159}
{201, 173, 15, 207, 241, 244, 148, 88, 89}
{100, 10, 13, 207, 49, 178, 82, 185, 28}
{129, 164, 229, 136, 17, 19, 247, 248, 126}
{249, 105, 203, 47, 242, 213, 121, 26, 95}
{0, 160, 98, 234, 112, 144, 19, 116, 30}
{129, 227, 5, 168, 40, 28, 184, 218, 156}
{132, 103, 168, 46, 176, 179, 87, 216, 60}
{160, 239, 81, 210, 82, 246, 215, 218, 188}
{10, 206, 111, 114, 146, 148, 216, 25, 59}
{64, 231, 15, 115, 213, 215, 186, 188, 190}
{195, 164, 101, 236, 16, 49, 24, 29}
{1, 133, 172, 147, 23, 149, 183, 88, 223}
{129, 193, 163, 105, 138, 76, 89, 60, 94}
{100, 4, 168, 176, 216, 57, 58, 60}
{102, 108, 111, 20, 246, 120, 89, 123, 94}
{102, 230, 139, 204, 111, 92, 51, 188, 191}
{36, 133, 72, 205, 78, 117, 54, 119, 123}
{35, 169, 42, 20, 149, 183, 152, 155, 126}
{198, 106, 204, 142, 146, 242, 149, 23, 217}
{0, 128, 34, 197, 76, 80, 20, 22, 249}
{34, 169, 140, 237, 207, 176, 183, 29, 222}
{135, 73, 137, 234, 52, 181, 249, 220, 29}
{65, 227, 133, 107, 45, 143, 113, 82, 17}
{130, 195, 198, 199, 13, 79, 80, 16, 61}
{160, 193, 34, 9, 107, 209, 81, 153, 159}
{228, 133, 198, 72, 234, 238, 114, 117, 27}
{4, 75, 206, 213, 118, 25, 154, 123, 63}
{97, 164, 135, 199, 234, 52, 245, 122, 60}
{134, 138, 124, 145, 51, 20, 180, 216, 92}
{64, 102, 72, 202, 235, 19, 182, 25, 159}
{224, 33, 195, 230, 147, 121, 156, 157, 31}
{97, 2, 132, 45, 148, 59, 189, 223}
{96, 134, 200, 108, 205, 15, 85, 94, 159}
{99, 70, 171, 236, 145, 20, 150, 185, 94}
{1, 67, 195, 7, 236, 111, 175, 182, 91}
{33, 229, 7, 167, 138, 45, 27, 220, 125}
{97, 134, 71, 234, 236, 44, 142, 211}
{225, 129, 130, 133, 202, 47, 211, 58, 127}
{160, 6, 138, 170, 46, 239, 243, 149, 249}
{165, 77, 238, 15, 18, 149, 154, 124, 157}
{97, 3, 6, 8, 77, 110, 113, 212, 53}
{37, 6, 198, 42, 208, 177, 210, 213, 246}
{96, 195, 168, 169, 202, 144, 145, 18, 121}
{224, 197, 137, 10, 43, 246, 87, 28, 125}
{226, 162, 72, 171, 206, 241, 155, 30, 63}
{71, 139, 87, 184, 56, 182, 122, 59, 62}
{99, 5, 165, 6, 235, 44, 27, 62, 31}
{195, 5, 122, 77, 51, 148, 244, 152, 58}
{224, 229, 69, 170, 143, 208, 49, 243, 183}
{67, 195, 133, 234, 207, 112, 209, 242, 153}
{129, 104, 169, 11, 50, 244, 118, 122, 158}
{68, 133, 11, 175, 143, 209, 149, 217, 189}
{10, 75, 45, 110, 243, 116, 24, 120, 31}
{207, 208, 111, 178, 152, 92, 125, 94, 95}
{185, 4, 108, 116, 117, 54, 182, 121, 223}
{101, 106, 241, 181, 54, 183, 87, 186, 189}
{96, 98, 69, 239, 176, 240, 23, 92, 95}
{0, 225, 162, 163, 236, 13, 113, 244, 90}
{98, 26, 166, 74, 237, 115, 149, 218, 62}
{165, 102, 230, 137, 175, 147, 85, 245, 157}
{0, 37, 169, 109, 48, 51, 116, 25, 29}
{129, 71, 142, 111, 16, 89, 90, 156, 29}
{2, 134, 200, 237, 174, 206, 47, 112}
{132, 37, 4, 38, 232, 12, 245, 62, 127}
{65, 227, 5, 233, 15, 82, 23, 119, 186}
{33, 164, 168, 108, 207, 21, 54, 152, 186}
{96, 2, 164, 69, 44, 214, 120, 221, 95}
{35, 197, 70, 202, 110, 81, 148, 25, 60}
{37, 7, 168, 169, 140, 243, 119, 90, 220}
{224, 36, 199, 137, 77, 178, 87, 124, 61}
{66, 132, 109, 238, 80, 241, 209, 178, 151}
{196, 168, 176, 49, 209, 145, 52, 244, 24}
{225, 3, 133, 40, 19, 212, 25, 58, 63}
{162, 67, 197, 102, 167, 8, 19, 26, 31}
{161, 4, 103, 168, 232, 111, 50, 148, 157}
{129, 134, 103, 168, 138, 42, 204, 44, 189}
{192, 160, 99, 228, 74, 235, 110, 81, 83}
{32, 193, 42, 236, 45, 173, 18, 213, 88}
{131, 165, 133, 167, 9, 205, 148, 24, 222}
{99, 74, 113, 212, 87, 25, 92, 29, 159}
{226, 132, 167, 233, 76, 47, 19, 94, 159}
{0, 160, 132, 205, 210, 180, 53, 57, 93}
{0, 1, 68, 46, 175, 118, 216, 58, 28}
{192, 193, 167, 76, 210, 18, 248, 90, 95}
{128, 228, 136, 109, 18, 186, 124, 62, 63}
{96, 129, 2, 72, 242, 150, 22, 215, 60}
{161, 1, 99, 133, 200, 81, 179, 115, 147}
{33, 194, 69, 45, 112, 185, 57, 29, 159}
{32, 136, 205, 80, 150, 248, 218, 187, 191}
{89, 2, 132, 69, 8, 108, 177, 50, 185}
{34, 229, 38, 104, 202, 242, 122, 125, 158}
{160, 198, 72, 15, 144, 119, 88, 151, 27}
{129, 133, 230, 38, 75, 43, 176, 113, 119}
{227, 168, 138, 107, 76, 48, 181, 154, 28}
{226, 100, 166, 204, 237, 141, 239, 180, 186}
{105, 137, 202, 234, 139, 47, 146, 247, 189}
{97, 70, 10, 202, 235, 175, 21, 55, 26}
{90, 134, 241, 21, 154, 59, 188, 62}
{232, 105, 76, 15, 245, 152, 27, 126, 159}
{1, 98, 3, 225, 135, 171, 86, 58}
{128, 100, 134, 169, 106, 151, 120, 191}
{38, 171, 236, 12, 47, 18, 149, 156, 125}
{160, 99, 132, 70, 71, 135, 141, 154}
{185, 166, 198, 13, 177, 241, 153, 59, 222}
{161, 166, 230, 7, 198, 106, 145, 17, 218}
{193, 100, 170, 139, 110, 178, 210, 180, 191}
{67, 5, 168, 13, 79, 183, 24, 249, 219}
{161, 227, 36, 26, 176, 147, 151, 216, 90}
{192, 225, 102, 40, 173, 174, 53, 59, 156}
{160, 131, 134, 200, 105, 110, 15, 119, 190}
{64, 3, 135, 8, 171, 172, 48, 56, 123}
{195, 7, 167, 140, 242, 118, 218, 92, 222}
{2, 104, 205, 15, 93, 213, 20, 220, 61}
{69, 168, 171, 206, 114, 19, 30, 121, 222}
{32, 33, 43, 79, 20, 150, 151, 89, 58}
{192, 197, 74, 44, 143, 17, 209, 247, 222}
{0, 229, 103, 232, 236, 46, 53, 121, 92}
{225, 97, 163, 69, 38, 8, 234, 121, 219}
{132, 134, 39, 136, 172, 14, 80, 248, 62}
{0, 159, 227, 134, 171, 21, 219, 157, 63}
{32, 161, 67, 141, 60, 175, 208, 89, 124}
{132, 228, 68, 106, 75, 141, 78, 205, 147}
{69, 231, 72, 46, 211, 243, 117, 92, 61}
{97, 195, 196, 199, 171, 204, 120, 94, 127}
{97, 102, 103, 43, 108, 115, 215, 28, 190}
{164, 6, 202, 75, 175, 113, 249, 63}
{64, 100, 8, 42, 45, 46, 238, 22}
{65, 141, 142, 238, 46, 17, 210, 152, 60}
{162, 72, 168, 202, 21, 91, 28, 221, 126}
{66, 131, 195, 236, 112, 19, 152, 153, 156}
{161, 66, 35, 228, 90, 80, 24, 186, 92}
{34, 35, 38, 9, 41, 75, 47, 81, 218}
{230, 167, 73, 173, 238, 50, 243, 54, 187}
{1, 194, 195, 70, 71, 77, 49, 84, 125}
{192, 69, 70, 39, 7, 143, 21, 158, 95}
{5, 40, 233, 108, 208, 147, 149, 247, 154}
{130, 36, 68, 231, 139, 146, 22, 26, 124}
{128, 98, 196, 43, 79, 239, 83, 58, 157}
{224, 133, 102, 230, 135, 76, 182, 22, 189}
{192, 122, 200, 138, 107, 203, 111, 84, 26}
{38, 205, 240, 176, 147, 86, 247, 24, 217}
{96, 230, 144, 114, 179, 52, 86, 61, 127}
{7, 136, 103, 42, 201, 239, 241, 185, 28}
{35, 38, 167, 41, 49, 55, 184, 127, 223}
{34, 100, 105, 45, 15, 115, 20, 181, 123}
{193, 132, 166, 167, 236, 143, 49, 86, 247}
{133, 38, 231, 105, 236, 87, 220, 190, 191}
{96, 43, 241, 49, 209, 151, 183, 220, 157}
{161, 5, 133, 187, 13, 18, 181, 123, 126}
{192, 40, 137, 13, 81, 93, 189, 88, 61}
{161, 99, 68, 138, 240, 241, 148, 220, 223}
{224, 161, 39, 9, 106, 44, 117, 248}
{135, 41, 108, 140, 242, 21, 118, 25, 157}
{226, 100, 201, 73, 176, 82, 154, 93, 31}
{97, 34, 195, 172, 111, 113, 244, 186, 59}
{5, 102, 103, 232, 19, 52, 149, 88, 191}
{195, 229, 235, 12, 110, 214, 24, 124}
{225, 4, 133, 84, 86, 215, 154, 158, 223}
{227, 28, 110, 78, 209, 18, 217, 188, 125}
{6, 71, 137, 10, 47, 120, 218, 28, 157}
{68, 133, 141, 145, 50, 113, 92, 190, 31}
{195, 70, 76, 238, 79, 221, 222, 127}
{230, 174, 46, 110, 17, 243, 155, 93, 223}
{3, 133, 230, 73, 234, 235, 14, 183, 90}
{10, 74, 155, 113, 243, 52, 217, 123, 62}
{225, 130, 2, 43, 142, 14, 145, 56, 153}
{172, 14, 47, 143, 148, 181, 117, 149, 185}
{2, 227, 175, 15, 209, 145, 212, 54, 58}
{1, 36, 13, 80, 114, 23, 119, 156, 30}
{35, 196, 199, 39, 209, 179, 151, 249, 59}
{33, 194, 37, 101, 41, 202, 144, 242, 25}
{101, 103, 238, 85, 217, 154, 27, 221, 190}
{32, 224, 37, 201, 75, 241, 55, 189, 62}
{228, 167, 8, 168, 140, 173, 20, 245, 59}
{161, 70, 232, 141, 46, 110, 115, 93, 29}
{103, 141, 111, 175, 148, 21, 58, 219, 94}
{130, 202, 236, 45, 78, 120, 217, 154, 28}
{192, 123, 16, 112, 115, 116, 154, 187, 159}
{161, 71, 231, 45, 79, 15, 151, 217, 127}
{0, 166, 137, 15, 148, 245, 249, 156, 95}
{37, 44, 12, 239, 244, 181, 86, 92, 191}
{96, 161, 130, 99, 200, 44, 113, 116, 244}
{192, 164, 36, 231, 174, 206, 15, 83, 182}
{111, 17, 178, 18, 83, 85, 214, 218, 127}
{130, 133, 71, 236, 21, 247, 186, 219, 159}
{161, 34, 4, 101, 133, 115, 180, 244, 95}
{33, 229, 135, 76, 205, 13, 172, 82, 20}
{65, 67, 6, 201, 13, 113, 212, 21, 249}
{7, 8, 201, 145, 179, 51, 217, 220, 31}
{64, 40, 172, 81, 145, 146, 119, 90, 223}
{160, 67, 36, 38, 19, 52, 86, 248, 158}
{131, 68, 207, 81, 113, 147, 50, 186, 62}
{123, 14, 210, 243, 84, 82, 219, 127}
{0, 194, 199, 136, 78, 112, 21, 58, 155}
{67, 4, 169, 172, 113, 82, 17, 214, 184}
{128, 227, 230, 166, 139, 45, 142, 207, 222}
{36, 134, 8, 171, 235, 18, 215, 57, 127}
{162, 35, 165, 137, 42, 51, 56, 185, 220}
{128, 159, 66, 77, 79, 112, 16, 127, 31}
{129, 4, 104, 205, 143, 48, 80, 211, 120}
{162, 99, 6, 7, 42, 110, 142, 209}
{64, 129, 131, 174, 238, 179, 156, 189, 94}
{130, 34, 165, 209, 211, 118, 55, 26, 157}
{130, 102, 198, 142, 240, 180, 59, 92, 189}
{228, 197, 134, 235, 176, 84, 181, 117, 30}
{35, 69, 202, 43, 110, 23, 84, 215, 26}
{100, 44, 114, 51, 52, 246, 27, 126}
{225, 100, 197, 180, 87, 247, 61, 62, 223}
{129, 130, 3, 131, 43, 12, 79, 55, 26}
{192, 37, 49, 243, 189, 151, 92, 125, 63}
{9, 170, 41, 237, 15, 143, 208, 182, 120}
{135, 137, 176, 83, 21, 246, 57, 125, 62}
{33, 226, 162, 133, 198, 136, 40, 207, 31}
{64, 37, 104, 19, 21, 24, 153, 92, 159}
{96, 4, 77, 173, 16, 146, 150, 90, 61}
{192, 33, 238, 111, 243, 245, 54, 152, 186}
{138, 235, 112, 17, 242, 86, 249, 156, 63}
{68, 71, 235, 77, 141, 81, 182, 248, 60}
{34, 99, 168, 112, 52, 86, 214, 59, 127}
{196, 165, 5, 7, 236, 111, 85, 56, 216}
{97, 103, 46, 177, 210, 145, 115, 213, 150}
{161, 3, 109, 46, 175, 50, 116, 20, 221}
{75, 12, 172, 110, 49, 17, 117, 214, 87}
{202, 203, 140, 28, 23, 55, 120, 220}
{96, 193, 140, 44, 205, 211, 25, 124, 127}
{161, 71, 105, 205, 239, 15, 20, 182, 152}
{128, 2, 164, 166, 179, 212, 186, 29, 31}
{129, 5, 171, 13, 174, 173, 57, 26, 126}
{192, 100, 106, 209, 210, 117, 150, 95, 127}
{128, 68, 166, 203, 49, 54, 55, 86, 28}
{192, 228, 133, 198, 201, 13, 115, 91, 221}
{64, 5, 166, 6, 80, 19, 117, 27, 30}
{65, 99, 136, 106, 18, 211, 245, 184, 91}
{224, 67, 230, 42, 239, 112, 82, 218, 123}
{33, 130, 131, 164, 235, 111, 81, 25, 63}
{3, 196, 166, 70, 41, 206, 212, 215, 191}
{65, 197, 72, 43, 207, 48, 52, 245, 215}
{161, 197, 74, 142, 46, 53, 54, 124, 61}
{64, 106, 108, 207, 26, 155, 93, 126}
{231, 171, 207, 208, 180, 116, 124, 63, 127}
{65, 130, 99, 69, 8, 80, 55, 188}
{163, 198, 74, 109, 50, 55, 183, 93}
{224, 6, 171, 114, 85, 121, 154, 94, 191}
{0, 74, 113, 84, 245, 214, 153, 187, 57}
{96, 195, 40, 171, 174, 87, 154, 219, 92}
{66, 98, 130, 9, 105, 10, 44, 56, 188}
{97, 67, 165, 73, 237, 114, 148, 55, 24}
{34, 196, 135, 106, 141, 207, 48, 122, 28}
{64, 102, 103, 140, 109, 238, 144, 215, 127}
{100, 43, 110, 147, 83, 21, 120, 222, 191}
{225, 165, 103, 168, 211, 19, 120, 63, 127}
{203, 204, 238, 48, 177, 87, 25, 189, 95}
{64, 97, 162, 131, 38, 70, 201, 205, 215}
{195, 4, 102, 136, 48, 146, 218, 187, 125}
{37, 49, 243, 244, 52, 22, 153, 219, 156}
{131, 103, 10, 44, 147, 212, 215, 90, 219}
{70, 231, 202, 75, 138, 209, 54, 183, 24}
{130, 227, 66, 234, 203, 143, 220, 221, 63}
{227, 136, 200, 8, 214, 151, 184, 26, 188}
{160, 196, 70, 10, 235, 108, 172, 176, 214}
{36, 40, 16, 49, 48, 144, 90, 92, 30}
{67, 4, 168, 105, 74, 42, 136, 52, 87}
{128, 101, 198, 8, 76, 237, 77, 208, 60}
{65, 2, 37, 165, 101, 8, 181, 55, 156}
{171, 172, 28, 45, 115, 212, 220, 56, 92}
{135, 109, 17, 210, 209, 212, 187, 158, 31}
{98, 66, 139, 213, 21, 119, 120, 183, 93}
{107, 14, 239, 208, 244, 22, 25, 124}
{136, 234, 210, 83, 212, 52, 115, 122, 124}
{5, 102, 103, 229, 174, 46, 181, 219, 31}
{231, 15, 114, 83, 188, 243, 151, 186, 60}
{100, 9, 238, 213, 85, 119, 185, 157, 126}
{145, 49, 178, 148, 149, 55, 248, 89, 126}
{65, 91, 79, 239, 53, 182, 219, 95}
{128, 133, 7, 218, 41, 235, 173, 176, 26}
{64, 128, 163, 69, 75, 241, 21, 183, 24}
{35, 133, 231, 107, 12, 43, 208, 156, 125}
{164, 73, 142, 206, 209, 210, 20, 186, 189}
{133, 103, 206, 56, 26, 91, 28, 189, 30}
{160, 163, 199, 137, 44, 17, 147, 57, 58}
{99, 71, 169, 109, 80, 180, 247, 158, 159}
{67, 138, 210, 244, 117, 215, 58, 220, 95}
{98, 77, 16, 180, 246, 119, 120, 121, 63}
{26, 56, 203, 140, 48, 216, 186, 156, 184}
{192, 68, 169, 74, 47, 15, 17, 188}
{226, 164, 6, 169, 240, 246, 120, 217, 154}
{34, 200, 172, 77, 238, 52, 183, 216, 186}
{128, 225, 3, 141, 47, 18, 148, 182, 151}
{129, 137, 11, 203, 209, 246, 25, 124, 94}
{26, 77, 174, 238, 114, 115, 186, 29, 63}
{195, 70, 107, 207, 175, 143, 51, 53, 86}
{129, 70, 7, 234, 173, 109, 15, 244}
{65, 90, 103, 168, 140, 52, 21, 87, 218}
{7, 233, 44, 115, 20, 54, 87, 88, 184}
{162, 100, 138, 206, 238, 145, 215, 89, 63}
{225, 27, 45, 77, 239, 241, 150, 86, 219}
{37, 135, 11, 203, 76, 179, 84, 53, 245}
{34, 200, 234, 209, 211, 23, 247, 29, 127}
{128, 96, 198, 232, 79, 177, 145, 19, 153}
{4, 68, 39, 104, 13, 46, 47, 92, 31}
{194, 162, 138, 139, 175, 243, 148, 186, 60}
{129, 103, 104, 75, 171, 208, 114, 117, 149}
{2, 132, 196, 134, 135, 230, 12, 115, 119}
{102, 140, 77, 46, 238, 176, 48, 211, 61}
{131, 164, 103, 201, 43, 54, 216, 60}
{225, 223, 106, 212, 245, 182, 90, 61, 95}
{160, 97, 131, 108, 77, 173, 210, 118}
{33, 66, 103, 76, 109, 79, 114, 210, 28}
{98, 39, 168, 143, 52, 118, 249, 189, 191}
{229, 104, 106, 141, 46, 178, 85, 187, 28}
{1, 226, 14, 208, 52, 87, 89, 189, 95}
{33, 67, 100, 5, 229, 105, 205, 88, 57}
{32, 98, 108, 206, 242, 29, 50, 60, 125}
{99, 236, 243, 54, 154, 155, 29, 94, 159}
{33, 38, 74, 211, 244, 248, 25, 154, 57}
{98, 3, 69, 141, 45, 48, 240, 80, 190}
{65, 231, 173, 174, 114, 147, 214, 246, 25}
{193, 164, 228, 132, 108, 207, 217, 219, 158}
{164, 168, 8, 107, 174, 176, 145, 247, 248}
{100, 70, 72, 75, 206, 49, 114, 217, 28}
{133, 201, 141, 79, 175, 184, 90, 30}
{2, 167, 105, 235, 75, 176, 155, 30}
{67, 74, 202, 205, 112, 114, 86, 185, 57}
{129, 134, 170, 12, 237, 241, 116, 181, 53}
{0, 33, 197, 231, 143, 243, 183, 184, 190}
{33, 230, 8, 109, 181, 22, 214, 56, 59}
{167, 103, 40, 42, 12, 16, 81, 153, 154}
{225, 137, 238, 143, 206, 28, 61}
{225, 127, 78, 112, 49, 248, 121, 124, 159}
{97, 70, 8, 207, 208, 49, 47, 20, 25}
{197, 39, 41, 234, 112, 83, 58, 27}
{64, 225, 131, 67, 229, 239, 82, 116, 55}
{131, 4, 38, 103, 13, 176, 119, 25, 188}
{35, 139, 144, 147, 180, 25, 57, 94}
{192, 68, 7, 46, 143, 78, 19, 214, 183}
{195, 35, 229, 165, 235, 174, 19, 121, 154}
{192, 70, 71, 103, 41, 80, 179, 119, 122}
{64, 160, 5, 38, 136, 233, 210, 182, 28}
{32, 96, 67, 166, 244, 21, 154, 125, 62}
{3, 137, 43, 80, 145, 18, 212, 184, 95}
{43, 13, 79, 111, 177, 179, 180, 182, 249}
{35, 227, 38, 79, 112, 53, 185, 125, 25}
{65, 197, 101, 104, 172, 13, 173, 115, 31}
{96, 35, 100, 45, 176, 219, 125, 94}
{104, 41, 10, 43, 80, 81, 179, 83}
{98, 231, 203, 247, 152, 89, 31, 126, 127}
{2, 200, 171, 236, 237, 109, 205, 243}
{225, 97, 71, 72, 78, 48, 147, 149, 247}
